4001
3296
4094
2213
4949
3792
4822
5383
5700
1788
8296
692
3779
5415
2191
1751
9860
4387
1628
605
8041
5684
5282
6308
903
9810
721
9040
3221
6106
8282
6986
3427
5042
6338
3749
9767
7895
6034
1487
4370
1093
1370
2288
5489
9538
9734
658
1872
23
5096
9292
4906
2812
181
3789
3019
2671
7372
7010
1270
2113
1281
9652
3826
7197
6792
2257
9631
8918
9196
1781
1623
8683
6127
1012
9791
330
3404
2743
476
286
1208
641
2899
7574
7015
3949
7849
4516
1131
4454
6569
5007
3511
178
4228
3878
2290
3516
274
224
3991
7309
2950
7637
7417
4150
1024
2162
8180
5644
8268
8765
7567
9872
88
9766
7373
4090
6868
6390
4658
3457
2033
9831
6947
1594
2219
16
9126
987
9795
8459
2377
8539
7477
1588
8094
936
2713
8560
820
8068
6469
616
689
7468
9519
5104
3419
1798
7407
2905
7030
2119
2691
3983
2167
6847
1933
7615
6231
4354
5319
4873
1268
5331
919
8878
994
6590
2749
5383
2990
4674
873
9793
7346
7642
6409
6344
7636
6327
6784
463
5386
9100
5427
3418
7224
2037
3420
9480
3914
2484
6066
9872
205
6185
2688
4150
5575
878
8561
9914
4967
2109
109
3726
743
366
3372
2178
5886
2176
8650
3038
3090
8755
1380
139
2570
1712
8766
1166
1986
2630
1702
8130
7144
5074
7891
2625
5763
2762
3144
4159
899
8134
1413
6179
5107
427
7484
5858
2075
1045
7985
6938
2578
1777
3770
1288
353
6292
8646
2038
1683
5804
8058
4229
3816
513
3478
2770
6089
5942
7431
8760
6645
5570
725
9315
4042
8294
5500
8764
5328
4235
1961
1238
2143
1017
4858
9635
2481
8038
4808
2915
497
6633
8240
1563
3683
7498
1980
9886
4445
7784
8113
6410
819
2038
1122
4082
3649
2467
8097
1939
1345
3412
7557
38
9164
9040
8200
2721
2109
7256
6519
9994
5393
1154
45
9
3227
865
6697
2552
5028
5474
3563
5882
4879
4500
8270
6021
5882
6469
4143
1629
4497
4534
587
5790
7277
8282
5575
1766
4842
704
3881
9950
8118
6378
7012
1331
9365
1514
4481
3636
2353
1928
6152
266
8190
1506
9758
1279
7500
3681
3992
6428
597
1075
6878
7156
1879
9163
5563
4630
8764
4817
5233
4963
532
6039
6713
637
5604
7577
2664
8759
3704
3520
2669
3823
2132
1987
3206
5348
6536
5738
7283
3974
2033
2177
2162
1577
3084
5398
1257
9365
662
6543
8467
3390
9456
7979
5393
170
6334
4115
5474
8372
9949
2012
6541
2221
4708
6220
9195
7417
1668
2678
6226
1821
9113
1988
3179
5219
6211
1040
7989
6535
7310
5359
4803
482
7884
6906
8896
5504
8789
8442
8115
4592
1957
3856
8285
2327
6788
8063
3791
1090
1810
7335
8809
7990
8369
3918
8429
9253
5117
1756
7234
1056
6582
179
5525
979
190
9737
1833
8530
3150
1412
8575
702
1859
6401
6689
2563
7206
1121
6968
7073
2249
3377
1965
2869
8828
5972
6492
2692
6720
7967
5253
3748
4707
9345
8349
8230
8282
9820
7505
5683
6797
7028
9930
5410
8027
3219
2812
4692
1134
8759
488
4124
9114
3129
7474
3614
8895
2059
7645
7107
2015
3165
9665
2534
8633
7131
7823
9646
1746
5639
651
4729
6565
1534
4712
8017
8546
8234
2146
7117
146
3700
5333
2775
4171
1603
5131
2613
4846
9781
2098
4119
974
7609
2523
2284
5467
8999
7935
6928
9900
5693
5548
422
4348
5559
9901
7390
9339
2617
2984
436
7429
2300
4129
8261
3359
451
4876
5614
8989
5032
6128
3010
2193
40
2390
5240
5279
3240
5233
8975
5931
6915
1399
3327
2452
9249
3166
3614
6202
2245
6722
9083
9034
4755
6642
9882
1866
9884
9018
6749
7680
6839
3883
8411
6285
3822
9959
2927
2727
5010
4969
1328
244
1964
3073
1032
9602
7762
2173
6276
8787
4274
2611
2535
4998
9981
3098
9563
385
515
4361
6869
8058
2535
3431
804
8741
158
5634
5813
295
2298
3291
3830
490
3709
7374
2645
3049
684
2703
7188
7547
9811
7024
5308
6492
1023
5983
6843
1543
6811
652
540
7344
5066
7673
7105
9117
333
3226
7151
2117
1442
7867
229
6209
4122
3713
2858
5919
3573
9704
2451
1813
3821
9052
2862
5426
1483
6020
5775
4688
473
9064
3636
2742
629
4771
422
1578
5023
5619
4703
9396
2832
3613
2354
2861
7527
7614
9419
2422
8016
797
836
5301
3011
6156
6305
2090
6951
6620
1898
9088
5425
8752
8658
1072
205
5466
7176
9055
1687
3970
3817
9255
1559
3333
4464
9651
2855
8618
2748
4659
6514
5424
9628
5456
8122
1427
3945
6889
278
7117
2064
5484
6374
4393
2539
2785
9653
3427
3403
9584
5386
6859
9331
6819
4731
6984
8532
3910
5663
8185
8145
9178
6829
4694
2318
9401
6086
8326
698
3891
908
7162
6102
9703
8046
4502
1217
9230
65
8832
7473
34
6860
9457
7872
8140
3616
3144
9569
1162
4690
7662
7437
7822
6567
3220
9983
4548
3883
6088
8936
1164
8061
4375
2271
2741
5274
8844
2121
7003
2085
6886
240
8231
8496
2648
3588
7301
2442
8298
7547
3507
4533
4237
9446
3749
7218
7052
5585
7701
4028
7070
4358
9159
2429
4231
912
2091
1073
4990
6247
268
8725
7674
9708
725
6619
1221
8866
1411
2158
7251
8295
9222
6380
1547
1902
5377
3028
916
6427
6113
2701
4891
9786
2490
6449
9424
9180
2236
6373
8305
1663
9093
2150
6478
1368
3536
4497
8364
6464
6379
7070
8773
9224
2438
2282
5692
4762
1047
5680
5182
2222
9611
8564
8036
9382
4087
6604
9701
9383
7212
2459
4857
5796
9401
5306
3560
9416
3002
725
6528
3232
8686
5632
7797
2275
9447
8308
6595
6863
3371
2858
3088
3217
1159
8803
6141
799
4642
2417
3882
6646
3407
6710
6809
8204
5421
8343
8042
6337
569
92
8246
8775
5123
3159
8
4267
8862
2174
3957
2079
2400
1687
1212
1093
377
2223
1737
4106
9025
5846
6947
5580
650
6571
2501
3881
2677
944
8554
7014
2256
762
609
169
2285
6807
1344
9188
8270
2459
1381
1663
379
7113
7624
3696
5366
4971
92
8633
9734
7231
4708
6286
8128
7774
4546
3537
7253
265
7978
3916
6532
5826
6870
9978
5791
9908
6131
4115
2987
544
3080
7843
849
7750
3158
3365
193
5196
5451
8497
4631
702
7201
7599
3189
6194
1668
9814
8304
8438
7664
2342
7815
1049
888
206
1982
3026
4707
5307
7657
2241
8881
2654
9203
9361
2252
5433
4463
5750
5370
2262
4405
8168
2366
4131
2142
316
2206
3998
3067
2028
4799
7560
8383
8866
5996
5897
6622
6134
3334
9825
9005
4849
5461
7222
1256
3230
557
8575
306
9468
7804
5052
5271
8850
3983
8799
7710
8272
420
4331
7130
4701
6667
6599
9552
3170
9285
6559
7026
3043
5358
3544
6970
1333
344
9790
5138
9345
5628
3436
3216
8851
2645
2918
448
2111
4360
8198
2009
9137
1755
1042
1665
2799
9703
8279
8556
7517
5976
7236
2960
6957
1137
2933
6052
5201
3068
9737
6615
814
6415
3235
3948
5615
4251
6010
5107
435
7629
5357
2531
5972
4551
9335
6740
8581
4617
4250
9177
3303
8137
2811
7306
3688
5442
1466
9503
1688
7368
7645
7737
2281
1097
8872
3451
1939
2879
5883
8229
9090
627
1559
1073
5133
1659
1918
2662
2851
9956
9222
2650
9475
1723
7370
1989
3288
9156
5214
2912
3295
8622
2156
3500
2151
1966
3312
624
2404
8071
2428
1562
6192
7900
5673
1894
8015
4732
3963
4572
1485
7148
4895
564
5862
8914
1507
3540
9345
3053
4818
8874
5146
434
4779
9014
9883
3250
5998
4863
6806
9175
6834
85
7569
3485
9845
6470
2847
5837
7601
2362
519
8580
5784
4265
8163
5939
6332
7565
344
4784
3132
9042
6716
3097
543
1145
1561
3145
1014
4268
2716
7682
6866
5932
5546
7626
7986
2070
8912
803
3446
4788
9734
6210
6997
3679
2655
7266
4599
5682
7743
2673
64
1034
2314
919
234
3386
5941
9862
813
3100
1627
3197
878
1921
9006
4855
737
9624
4344
1649
700
6077
3724
5913
9306
8041
5518
3266
4889
2184
4364
7187
4017
968
6984
623
4033
6013
6195
3519
855
8545
375
7564
6043
7737
7377
2553
8777
6371
3769
8044
4297
507
7951
5197
2525
5916
5524
2615
2918
3171
1250
1916
8787
6128
1417
4150
1064
8646
119
4871
759
9570
2371
3441
7069
8424
7655
7090
3291
3192
3991
6088
1567
7584
6866
178
8063
9147
8388
8039
2242
6343
8485
3167
2331
7028
7442
7807
2354
4456
3462
9890
2849
352
1540
9283
888
9041
3588
4104
3149
9437
4935
584
403
4256
3241
508
4262
9610
6499
1379
8449
6919
1785
7312
6652
4090
7238
4190
6069
4072
4418
7540
5193
5937
6878
4292
2912
8249
9660
7421
7362
1620
1453
5584
730
3265
5112
863
9141
3549
308
257
983
3272
9395
275
6730
5589
5835
7625
8724
3706
8417
2449
9460
5176
7012
9656
2776
5092
884
1046
3295
7716
9453
6661
38
6629
4868
5791
8625
6953
5916
9333
5623
5038
2053
9356
5978
9273
5443
5073
2450
8642
5142
9022
8678
3993
1739
7060
710
2950
5630
9800
2999
8974
8298
7674
7772
8930
6767
2064
2189
5681
4319
2466
9319
5533
5029
847
864
667
2258
9757
3653
5412
5717
3149
1570
2425
854
2652
812
6819
6032
5845
1519
4632
4825
3045
3776
314
2143
7095
334
2169
6976
8413
9065
6649
6870
8224
5582
4222
4157
7406
8655
2851
9427
9827
4220
5498
7259
1811
240
3038
2365
9283
7098
5909
8221
8983
8293
5649
8439
5798
3127
3237
6564
2954
5155
6165
6700
9651
491
1974
2616
5355
7909
3860
6130
9444
2648
4371
1820
1262
5428
5181
409
36
4172
1129
9228
4822
3329
1517
2283
2578
7868
5418
6751
7259
8471
2134
6219
3356
1528
5175
4711
486
7323
9563
792
8084
1083
4821
4397
8336
9629
7794
88
8398
5562
137
3719
8710
7319
288
1935
5407
4178
7611
3636
5399
3786
5216
7671
6095
1515
2358
4749
1907
853
6876
5719
6375
2905
4246
1091
6637
2896
3601
8031
516
7447
9832
3573
7050
3994
1231
8231
4081
7260
5037
680
1728
5472
3367
2869
176
3384
2262
5039
7079
2791
4954
197
7074
805
601
6018
7098
9855
3152
464
5241
839
9818
3544
7495
5375
5870
2200
9757
1294
514
5295
9306
4621
7310
1704
4643
5281
2380
6416
7125
629
4923
8773
247
8931
7010
3646
4491
3455
1441
6385
1331
8543
9299
5429
7312
6251
3073
229
9477
2077
3264
7164
9018
1285
6602
5491
7725
1260
5882
2245
1954
5731
6721
7068
8955
2232
213
2954
5683
1091
1577
5653
6133
8611
9496
6607
2730
6432
3931
2385
3870
5069
7050
2692
2420
9884
6351
5212
1552
1133
518
7842
7394
3509
9233
5164
6179
3319
8327
4171
3351
7649
956
1824
851
3286
12
5611
952
5443
2721
8162
653
9984
4773
5771
9067
9862
2769
9047
6385
9431
1427
6890
7544
718
5774
6763
5889
8420
555
8020
3323
9036
9886
2742
9184
1740
723
445
1135
9448
3063
2667
6836
6333
6996
5620
8387
8566
6676
1286
9812
9070
2278
3282
9017
6724
6381
6859
7259
6132
4454
5786
1841
7223
6242
3980
786
3705
2210
5689
50
1555
4753
9425
7689
7253
8811
5412
8737
9250
8539
6894
2750
3303
4785
6430
3352
9993
5459
1538
2883
9034
5146
4721
112
2136
3646
2740
3372
4194
7116
5058
5766
9896
8499
4438
6974
8894
7806
3503
4649
6012
1467
964
417
4949
330
6338
6601
2338
1890
1699
9327
8107
2093
3196
6058
5041
4724
8388
4370
4651
7349
7340
478
5307
4032
9568
4073
8907
9553
8968
446
4682
1144
3947
5523
1213
5237
513
8034
964
6014
9842
7089
826
2275
4977
7011
6088
2360
7775
5688
6823
2209
3197
2303
5023
8013
3649
9676
6961
8665
820
5573
7934
3846
839
7366
1314
8276
6047
1540
1089
9325
788
191
3948
3758
4993
2320
1455
7920
8265
1666
1434
7765
8983
4461
4218
9774
95
941
7891
7369
2343
4529
5405
4920
1548
6799
1465
5485
4354
6038
2734
5489
2747
8827
3619
5684
6003
2293
3835
158
966
7444
6745
7284
2383
5179
8958
5095
6829
8990
9702
3430
6276
1223
9931
1699
3454
6163
9956
7075
5788
1401
9839
3967
7741
4347
1942
9448
3225
7189
6992
8407
8010
9570
5559
898
5064
397
2417
4171
0
8581
557
1811
9024
7930
540
3355
561
6964
7706
2731
8561
2452
8135
7915
5069
2
5447
4542
7976
3364
4594
2799
6394
9728
7656
1044
4311
5560
7093
3023
9898
8229
3197
1092
2750
3263
7924
6004
6730
3352
5388
1575
4023
2936
2652
7257
4255
4963
5434
2891
227
4871
1365
1466
9512
9890
5953
2541
1808
3600
7583
4631
6321
7089
4952
1997
1092
2857
5847
2050
9019
626
7792
2413
5280
9580
8433
2396
7271
2356
2115
546
975
8690
2028
1132
6202
8700
3749
5617
7750
9432
2067
2567
5063
543
469
4194
8291
13
8552
7480
5242
1429
170
4176
9488
7762
7369
9577
7529
3128
9671
9639
7312
7176
3517
7512
179
2930
2873
8292
2926
6997
4341
9763
7506
6050
3669
6968
6418
3647
5997
5291
3386
5095
7341
1925
8893
1854
4474
404
5577
4066
3225
4175
8121
4142
1451
8979
2391
6520
3728
2523
3419
5514
9977
9774
7813
9598
4318
1938
1539
3362
1433
7679
9711
1963
205
9535
121
1781
3094
9361
4956
8008
7806
6892
2479
1799
1513
8273
2010
8338
4606
1465
707
4636
2211
4253
5796
6071
3828
7765
7851
2778
5871
3544
7086
3556
5007
2530
1288
6939
9570
7508
2181
5357
4505
4564
7862
392
2525
4773
6689
9413
7368
3330
8712
5166
6423
3604
228
1968
6474
9603
893
6460
4084
9225
4569
5976
950
9234
4656
6339
355
7568
1480
1573
7807
3419
3633
6932
6169
5637
7806
515
498
1771
5438
6917
5288
327
519
7583
9044
1490
6831
4028
1004
5496
4534
906
5974
3140
7091
1521
587
4378
6233
4084
1059
3939
1765
4736
178
8563
5927
8529
5006
2854
9803
8484
764
1897
7907
8695
8599
8886
8114
3405
6956
2375
2920
6190
4532
4539
5141
4874
6767
8614
700
574
6633
2146
6358
1247
8300
1412
4767
6692
8530
9514
5617
5920
9317
2688
6890
6908
6774
4273
2509
7603
3414
3723
7843
3207
9059
7707
3451
5186
5474
3047
341
6823
3414
2955
1335
4774
7243
875
7386
1726
4162
7048
9140
9676
4121
9070
3346
9506
9621
1849
5666
9700
2879
7079
6875
4635
8728
8425
7657
3196
5370
1267
1353
2147
4381
963
9773
8568
2291
702
2524
6868
2881
5286
6361
1517
9546
8968
4782
7821
9273
3505
1782
7825
1162
2209
5380
6301
6614
4343
755
